10
7
7
6
6
9
6
6
5
4
4
10
5
4
5
4
6
5
3
4
4
4
4
3
3
7
4
4
5
3
3
3
10
4
8
4
4
4
6
4
4
5
7
3
3
3
12
3
4
3
8
2
10
3
3
10
3
4
5
3
3
7
2
2
10
3
2
10
3
2
5
3
12
4
8
2
8
2
2
7
2
10
2
7
9
2
7
2
8
3
3
6
3
2
10
4
3
6
4
4
6
4
3
10
3
10
3
8
12
2
8
2
9
3
4
6
4
3
10
2
11
3
8
2
9
3
2
9
3
9
3
8
2
10
3
11
3
6
2
6
2
12
2
7
5
2
6
3
7
2
3
11
2
2
2
7
3
11
2
3
11
3
3
2
7
3
2
7
3
9
3
2
10
3
2
10
3
3
12
2
3
11
3
2
10
12
3
11
3
3
10
3
2
10
3
3
7
3
3
2
6
3
10
3
3
9
2
2
11
2
3
18
2
3
8
3
2
9
3
3
10
2
3
10
2
3
7
3
2
10
3
2
10
3
3
12
3
11
3
6
12
3
6
3
10
3
2
10
28
2
7
3
3
8
12
11
2
7
3
10
3
11
3
7
3
10
4
2
8
2
3
11
3
2
3
7
2
9
3
12
3
6
3
7
3
2
11
3
3
6
12
10
2
8
3
11
3
2
9
3
