9
7
11
6
11
5
5
5
4
5
6
5
4
13
4
4
4
13
3
7
5
6
4
4
3
3
3
3
7
12
8
3
4
3
8
12
3
3
4
13
3
6
3
4
3
3
12
5
3
3
6
2
10
3
3
8
3
2
10
2
3
8
3
3
10
3
4
7
2
3
8
3
3
8
2
3
9
3
4
6
4
10
3
7
4
10
3
10
3
8
11
2
8
2
10
2
3
8
2
3
8
2
3
9
2
2
8
3
3
7
4
3
9
3
2
3
6
10
4
6
3
9
3
3
7
9
2
8
2
12
3
7
2
8
2
7
3
6
9
3
7
9
2
7
8
2
7
3
11
4
2
10
3
3
2
7
3
12
3
3
2
6
3
11
2
3
11
3
2
10
3
2
11
2
2
10
2
3
2
8
2
18
2
3
7
3
3
10
2
3
11
3
3
10
3
2
10
2
2
10
3
2
10
3
2
11
3
2
10
3
2
9
3
12
3
7
2
10
1
2
2
7
2
10
3
2
10
3
2
9
3
2
9
3
4
12
3
8
2
7
2
9
12
2
10
3
3
22
2
11
2
7
2
8
2
12
2
8
2
7
2
2
9
13
2
9
3
5
8
3
2
8
3
3
11
3
2
10
3
12
4
6
2
8
2
11
3
7
12
3
6
2
17
3
2
10
2
10
2
2
