8
6
5
5
5
5
6
5
5
9
4
4
4
4
6
3
8
4
4
4
3
4
4
4
12
4
7
3
4
3
3
10
3
3
8
3
6
13
3
3
4
3
3
3
3
13
3
3
3
12
3
3
10
4
4
6
3
2
10
2
3
8
4
3
7
3
3
10
3
2
9
3
4
6
3
14
4
5
2
3
15
3
8
3
3
9
3
2
7
3
2
10
3
11
2
8
2
7
2
3
8
2
4
8
2
3
8
3
2
9
2
3
7
3
3
9
2
2
11
2
3
7
3
2
8
3
16
2
8
3
11
3
2
8
2
4
6
2
9
2
5
2
8
3
24
2
7
11
3
8
2
3
7
2
2
6
4
7
2
12
4
7
2
10
3
2
11
2
2
11
3
2
11
4
3
12
2
2
11
3
2
9
2
8
3
7
2
11
2
4
6
3
3
8
4
3
7
12
2
2
8
2
11
3
3
10
2
2
10
4
3
9
2
3
6
3
3
7
2
2
3
7
3
10
2
3
7
2
2
9
3
2
7
3
12
11
4
2
10
12
2
9
12
3
8
2
2
9
3
8
2
6
12
2
7
9
2
8
10
2
8
12
2
7
3
7
3
8
3
6
3
3
8
3
10
1
2
8
3
2
9
2
2
8
3
3
7
3
3
8
11
2
7
2
3
10
2
4
3
2
