885
52
47
41
40
40
42
38
41
38
40
36
40
37
43
48
40
37
40
35
39
37
38
34
35
34
36
33
35
32
37
35
37
36
39
36
39
35
37
34
36
34
39
34
34
31
36
32
36
32
36
34
37
35
37
35
39
35
35
34
35
33
37
36
36
32
34
32
34
31
34
32
35
35
37
34
35
33
34
32
34
31
32
32
34
31
34
31
32
30
31
30
32
30
33
31
49
32
35
32
35
30
34
31
34
32
35
30
33
30
34
31
33
30
33
29
34
30
34
29
52
33
35
31
33
31
36
36
35
28
32
29
33
31
31
29
32
30
33
31
33
31
34
33
34
29
32
30
31
30
33
28
32
29
32
29
32
29
31
29
33
29
31
29
33
31
33
31
32
29
31
29
32
27
31
28
30
28
30
29
32
27
32
29
31
29
29
29
31
30
34
33
35
29
32
30
31
28
31
28
