8
12
6
5
11
6
13
5
4
4
3
9
4
4
6
4
11
4
4
3
7
5
334
7
5
7
3
3
7
3
6
4
6
7
2
9
9
2
8
2
7
2
3
6
2
4
6
2
4
7
3
2
2
6
11
2
7
8
3
7
9
3
8
3
6
4
3
7
4
2
9
2
4
7
3
8
2
9
9
2
7
6
2
7
2
5
4
2
8
2
12
2
6
9
2
6
7
3
6
8
3
6
8
3
6
3
6
2
8
4
5
9
3
6
9
3
7
9
2
6
7
10
4
7
3
6
7
3
9
8
3
6
3
7
3
8
2
7
6
2
3
7
3
6
7
3
6
5
3
7
3
7
2
3
2
10
2
8
4
2
7
3
8
11
3
3
10
3
2
9
3
9
4
14
3
3
7
13
2
8
3
2
6
11
2
7
3
8
2
8
2
7
2
9
2
2
5
4
2
7
3
7
2
6
7
3
6
2
9
11
2
6
3
2
3
6
2
8
2
8
2
8
10
3
7
3
6
2
7
3
6
8
1
7
4
8
2
10
4
5
8
2
6
3
5
3
2
9
5
8
3
4
5
2
12
6
11
3
7
3
7
3
6
3
8
11
4
9
2
5
7
2
7
8
2
7
2
7
3
2
4
4
2
6
10
4
2
7
2
6
2
8
2
8
2
9
2
3
2
6
