8
8
6
6
6
15
9
5
6
7
5
4
4
7
5
7
4
7
4
11
4
4
4
4
5
3
6
3
4
9
4
6
12
5
3
8
4
3
3
4
13
3
3
4
3
4
18
4
3
3
7
2
10
3
3
9
5
10
3
9
3
8
2
2
2
7
2
9
2
2
9
3
10
3
6
3
6
3
2
6
3
3
9
2
9
3
8
3
6
2
2
8
2
3
10
2
2
8
2
3
10
3
3
9
3
19
10
3
3
6
2
4
5
4
3
8
2
12
2
8
3
2
6
9
3
7
3
6
3
3
9
3
9
3
7
3
9
2
2
8
3
8
2
7
4
2
6
2
8
3
12
3
9
2
9
3
2
9
3
2
10
3
3
2
7
3
3
7
2
8
4
3
9
3
2
11
3
2
2
6
2
10
3
9
3
7
2
11
3
3
11
2
3
8
3
3
8
4
3
3
7
2
11
3
2
10
3
2
11
2
3
11
2
2
10
2
3
10
4
2
2
9
3
10
3
2
10
4
2
8
3
3
9
3
2
8
5
3
6
2
3
8
3
2
10
2
3
6
2
11
3
5
3
10
3
2
9
11
2
11
3
2
9
3
2
10
3
12
12
3
3
11
3
3
2
9
2
10
3
2
7
2
2
10
3
2
8
3
3
8
2
2
10
21
3
8
2
10
4
8
